-46.5106 0.0127144
-47.2534 -0.812086
-12.553 -0.425614
-14.7404 -0.759756
-12.131 -0.835515
-12.2139 -1.05581
-12.1437 -1.26357
-11.6729 -1.42046
-10.4083 -1.44999
-9.34413 -1.46715
-8.4798 -1.48239
-7.76527 -1.49657
-7.10195 -1.49671
-6.63606 -1.51919
-6.12317 -1.5138
-5.80582 -1.54278
-5.44134 -1.54738
-5.07858 -1.53977
-4.81295 -1.5509
-4.54855 -1.55326
-4.33258 -1.56399
-4.07101 -1.54976
-3.90405 -1.56437
-3.69183 -1.55411
-3.52689 -1.55728
-3.40832 -1.57632
-3.24525 -1.56979
-3.12803 -1.58078
-2.96731 -1.5647
-2.89559 -1.59199
-2.73724 -1.56727
-2.66639 -1.58904
-2.55323 -1.58233
-2.44113 -1.57217
-2.37165 -1.58657
-2.26146 -1.57034
-2.21731 -1.59781
-2.14893 -1.60616
-2.04155 -1.58184
-1.97455 -1.58575
-1.90805 -1.58781
-1.84209 -1.58806
-1.77672 -1.5865
-1.71197 -1.58315
-1.64789 -1.57804
-1.61988 -1.60655
-1.55664 -1.59859
-1.49418 -1.58894
-1.466 -1.61476
-1.40457 -1.60235
-1.34403 -1.58831
-1.31588 -1.61151
-1.25655 -1.59482
-1.2283 -1.61649
-1.17029 -1.59722
-1.14202 -1.61739
-1.08544 -1.59561
-1.0572 -1.61429
-1.01805 -1.61553
-1.00493 -1.65875
-0.960602 -1.65004
-0.941132 -1.68404
-0.958324 -1.78849
-0.972141 -1.89403
-0.947483 -1.92867
-0.955719 -2.03553
-0.9605 -2.14324
-0.9618 -2.25172
-0.959594 -2.36086
-0.95386 -2.4706
-0.961678 -2.62781
-0.964283 -2.78601
-0.977095 -2.99261
-0.98297 -3.20046
-0.968088 -3.3613
-0.973761 -3.61915
-0.982804 -3.92667
-0.992635 -4.28425
-1.00066 -4.69216
-1.00426 -5.15063
-1.00081 -5.65977
-0.972058 -6.12082
-0.99708 -7.07759
-1.01333 -8.23533
-1.03648 -9.84299
-1.05605 -12.0512
-1.30923 -18.7016
-1.13681 -21.6675
-0.859472 -24.5823
-0.529577 -30.2927
-0.000594179 -30.2973
0.529261 -30.3426
0.572103 -16.3873
0.664591 -12.6799
0.704638 -10.0726
0.775958 -8.86337
0.763503 -7.25723
0.774489 -6.29987
0.794078 -5.6417
0.806601 -5.08374
0.8086 -4.57648
0.831326 -4.26717
0.905894 -4.252
1.05892 -4.57656
1.13885 -4.55737
1.23138 -4.58508
1.32521 -4.61094
0.835582 -2.7223
0.821384 -2.51708
0.832853 -2.4078
0.840768 -2.29892
0.827228 -2.14384
0.827279 -2.03635
0.843378 -1.97556
0.837276 -1.86918
0.848861 -1.80895
0.836687 -1.70397
0.834741 -1.62672
0.863226 -1.6119
0.915689 -1.6403
0.944398 -1.62406
0.998572 -1.65018
1.02744 -1.63249
1.08323 -1.65623
1.11219 -1.63706
1.16949 -1.65834
1.19848 -1.63767
1.2271 -1.61649
1.28613 -1.63422
1.31468 -1.61151
1.37496 -1.62661
1.46897 -1.67782
1.49825 -1.65192
1.52707 -1.6255
1.59017 -1.63456
1.65403 -1.6419
1.75459 -1.68224
1.7839 -1.65135
1.82753 -1.63333
1.81825 -1.56837
1.76896 -1.47211
1.79461 -1.441
1.8591 -1.44023
1.88418 -1.40756
1.98958 -1.43322
1.97355 -1.36959
2.08028 -1.39085
2.14639 -1.38155
2.63683 -1.63532
2.83662 -1.69205
5.98363 -3.44227
4.0314 -2.22224
5.53597 -2.68764
5.53694 -2.56947
5.53548 -2.4521
5.57766 -2.3551
5.52541 -2.21993
5.51686 -2.10523
5.64695 -2.04281
5.54014 -1.8951
5.52504 -1.78266
5.55553 -1.68595
5.53627 -1.57494
5.56313 -1.47807
5.53979 -1.36865
5.56305 -1.27174
5.48681 -1.15366
3.1995 -0.609309
5.47493 -0.952755
5.49095 -0.857047
5.45578 -0.754115
5.46833 -0.658772
5.52894 -0.56845
2.99794 -0.249611
6.44366 -0.437898
6.35068 -0.320128
4.40671 -0.141179
6.35843 -0.0982687
