6.75598 -5.66766
6.75245 -5.6764
6.74908 -5.6852
6.73643 -5.69072
6.73331 -5.6998
6.73035 -5.70893
6.71796 -5.71528
6.72491 -5.72734
6.73212 -5.73912
6.72984 -5.74826
6.72773 -5.75745
6.73558 -5.76865
6.72398 -5.77592
6.72235 -5.7852
6.71099 -5.79304
6.71958 -5.80384
6.7085 -5.81207
6.7075 -5.82162
6.70667 -5.83118
6.70601 -5.84076
6.70551 -5.85035
6.69518 -5.85968
6.69502 -5.86946
6.69502 -5.87923
6.6852 -5.88927
6.68556 -5.89921
6.68608 -5.90915
6.67682 -5.91986
6.66775 -5.93091
6.66883 -5.94115
6.66018 -5.95268
6.66164 -5.96305
6.65343 -5.97505
6.65528 -5.98553
6.64752 -5.99798
6.64978 -6.00856
6.65222 -6.01911
6.64516 -6.03211
6.63838 -6.04541
6.63188 -6.05899
6.62567 -6.07285
6.61975 -6.08698
6.62357 -6.09804
6.60884 -6.11604
6.60387 -6.13095
6.59921 -6.14611
6.59489 -6.16151
6.60001 -6.17298
6.58728 -6.19299
6.57506 -6.21353
6.57222 -6.22997
6.56097 -6.25138
6.55896 -6.26837
6.54872 -6.29062
6.53905 -6.31334
6.54683 -6.32577
6.52148 -6.36016
6.5136 -6.38422
6.50634 -6.40871
6.49168 -6.43955
6.47788 -6.47106
6.47277 -6.497
6.46063 -6.52965
6.44939 -6.56291
6.43908 -6.59676
6.42235 -6.63793
6.41406 -6.67301
6.39249 -6.72263
6.37941 -6.7661
6.35384 -6.82479
6.33006 -6.88464
6.32135 -6.9306
6.29451 -6.99999
6.27617 -7.0629
6.23486 -7.1581
6.17836 -7.2789
6.10795 -7.42615
6.01917 -7.60883
5.92514 -7.81151
5.76615 -8.12641
5.51046 -8.61609
3.93002 -11.3074
4.01014 -11.3904
4.33318 -11.0457
4.18558 -11.5355
4.2664 -11.6237
4.35829 -11.6929
2.3148 -16.2477
2.50074 -16.3233
2.68781 -16.3955
2.87595 -16.4644
3.06511 -16.5299
3.24822 -16.6107
3.34291 -16.943
2.501 -20.1113
2.85224 -19.8677
2.71168 -21.2467
3.16998 -20.6393
3.43329 -20.689
4.89625 -15.7256
5.28007 -14.8083
5.43232 -14.861
5.90911 -13.1607
6.14173 -12.5518
6.34235 -12.0065
6.50668 -11.5852
6.65038 -11.2099
6.77692 -10.8712
6.88756 -10.5797
6.98485 -10.3358
7.17587 -7.7123
7.21027 -7.62343
7.24194 -7.48395
7.27013 -7.49393
7.29867 -7.50342
7.32666 -7.49241
7.35613 -7.51088
7.38626 -7.5288
7.41223 -7.4964
7.43824 -7.47354
7.46875 -7.48992
7.4984 -7.49584
7.52502 -7.48148
7.55669 -7.49619
7.58695 -7.50047
7.61529 -7.49443
7.64819 -7.50734
7.67664 -7.50023
7.70763 -7.50226
7.74167 -7.51328
7.77021 -7.50454
7.80177 -7.50478
7.83683 -7.51384
7.87238 -7.52216
7.90472 -7.52044
7.93719 -7.51809
7.56646 -6.58912
7.5789 -6.58357
7.59123 -6.57781
7.60793 -6.58078
7.61097 -6.55678
7.61327 -6.53289
7.61979 -6.51784
7.62589 -6.50276
7.63158 -6.48767
7.63685 -6.47257
7.65276 -6.47415
7.65184 -6.45064
7.65603 -6.43549
7.66577 -6.42841
7.66929 -6.41323
7.67241 -6.39809
7.68149 -6.39073
7.69044 -6.3832
7.69263 -6.36804
7.69443 -6.35296
7.69583 -6.33797
7.70386 -6.3302
7.70462 -6.3153
7.71225 -6.30738
7.71237 -6.29258
7.71211 -6.27792
7.71909 -6.26988
7.71821 -6.25536
7.72479 -6.24722
7.7233 -6.23288
7.73753 -6.2306
7.74368 -6.22212
7.74968 -6.21354
7.75554 -6.20485
7.76123 -6.19607
7.76678 -6.18718
7.76355 -6.17314
7.76869 -6.16421
7.77367 -6.15521
7.7785 -6.14611
7.78317 -6.13693
7.78768 -6.12767
7.78293 -6.1142
7.78704 -6.10495
6.75598 -5.66766
6.75245 -5.6764
6.74908 -5.6852
6.73643 -5.69072
6.73331 -5.6998
6.73035 -5.70893
6.71796 -5.71528
6.72491 -5.72734
6.73212 -5.73912
6.72984 -5.74826
6.72773 -5.75745
6.73558 -5.76865
6.72398 -5.77592
6.72235 -5.7852
6.71099 -5.79304
6.71958 -5.80384
6.7085 -5.81207
6.7075 -5.82162
6.70667 -5.83118
6.70601 -5.84076
6.70551 -5.85035
6.69518 -5.85968
6.69502 -5.86946
6.69502 -5.87923
6.6852 -5.88927
6.68556 -5.89921
6.68608 -5.90915
6.67682 -5.91986
6.66775 -5.93091
6.66883 -5.94115
6.66018 -5.95268
6.66164 -5.96305
6.65343 -5.97505
6.65528 -5.98553
6.64752 -5.99798
6.64978 -6.00856
6.65222 -6.01911
6.64516 -6.03211
6.63838 -6.04541
6.63188 -6.05899
6.62567 -6.07285
6.61975 -6.08698
6.62357 -6.09804
6.60884 -6.11604
6.60387 -6.13095
6.59921 -6.14611
6.59489 -6.16151
6.60001 -6.17298
6.58728 -6.19299
6.57506 -6.21353
6.57222 -6.22997
6.56097 -6.25138
6.55896 -6.26837
6.54872 -6.29062
6.53905 -6.31334
6.54683 -6.32577
6.52148 -6.36016
6.5136 -6.38422
6.50634 -6.40871
6.49168 -6.43955
6.47788 -6.47106
6.47277 -6.497
6.46063 -6.52965
6.44939 -6.56291
6.43908 -6.59676
6.42235 -6.63793
6.41406 -6.67301
6.39249 -6.72263
6.37941 -6.7661
6.35384 -6.82479
6.33006 -6.88464
6.32135 -6.9306
6.29451 -6.99999
6.27617 -7.0629
6.23486 -7.1581
6.17836 -7.2789
6.10795 -7.42615
6.01917 -7.60883
5.92514 -7.81151
5.76615 -8.12641
5.51046 -8.61609
3.93002 -11.3074
4.01014 -11.3904
4.33318 -11.0457
4.18558 -11.5355
4.2664 -11.6237
4.35829 -11.6929
2.3148 -16.2477
2.50074 -16.3233
2.68781 -16.3955
2.87595 -16.4644
3.06511 -16.5299
3.24822 -16.6107
3.34291 -16.943
2.501 -20.1113
2.85224 -19.8677
2.71168 -21.2467
3.16998 -20.6393
3.43329 -20.689
4.89625 -15.7256
5.28007 -14.8083
5.43232 -14.861
5.90911 -13.1607
6.14173 -12.5518
6.34235 -12.0065
6.50668 -11.5852
6.65038 -11.2099
6.77692 -10.8712
6.88756 -10.5797
6.98485 -10.3358
7.17587 -7.7123
7.21027 -7.62343
7.24194 -7.48395
7.27013 -7.49393
7.29867 -7.50342
7.32666 -7.49241
7.35613 -7.51088
7.38626 -7.5288
7.41223 -7.4964
7.43824 -7.47354
7.46875 -7.48992
7.4984 -7.49584
7.52502 -7.48148
7.55669 -7.49619
7.58695 -7.50047
7.61529 -7.49443
7.64819 -7.50734
7.67664 -7.50023
7.70763 -7.50226
7.74167 -7.51328
7.77021 -7.50454
7.80177 -7.50478
7.83683 -7.51384
7.87238 -7.52216
7.90472 -7.52044
7.93719 -7.51809
7.56646 -6.58912
7.5789 -6.58357
7.59123 -6.57781
7.60793 -6.58078
7.61097 -6.55678
7.61327 -6.53289
7.61979 -6.51784
7.62589 -6.50276
7.63158 -6.48767
7.63685 -6.47257
7.65276 -6.47415
7.65184 -6.45064
7.65603 -6.43549
7.66577 -6.42841
7.66929 -6.41323
7.67241 -6.39809
7.68149 -6.39073
7.69044 -6.3832
7.69263 -6.36804
7.69443 -6.35296
7.69583 -6.33797
7.70386 -6.3302
7.70462 -6.3153
7.71225 -6.30738
7.71237 -6.29258
7.71211 -6.27792
7.71909 -6.26988
7.71821 -6.25536
7.72479 -6.24722
7.7233 -6.23288
7.73753 -6.2306
7.74368 -6.22212
7.74968 -6.21354
7.75554 -6.20485
7.76123 -6.19607
7.76678 -6.18718
7.76355 -6.17314
7.76869 -6.16421
7.77367 -6.15521
7.7785 -6.14611
7.78317 -6.13693
7.78768 -6.12767
7.78293 -6.1142
7.78704 -6.10495
6.75598 -5.66766
6.75245 -5.6764
6.74908 -5.6852
6.73643 -5.69072
6.73331 -5.6998
6.73035 -5.70893
6.71796 -5.71528
6.72491 -5.72734
6.73212 -5.73912
6.72984 -5.74826
6.72773 -5.75745
6.73558 -5.76865
6.72398 -5.77592
6.72235 -5.7852
6.71099 -5.79304
6.71958 -5.80384
6.7085 -5.81207
6.7075 -5.82162
6.70667 -5.83118
6.70601 -5.84076
6.70551 -5.85035
6.69518 -5.85968
6.69502 -5.86946
6.69502 -5.87923
6.6852 -5.88927
6.68556 -5.89921
6.68608 -5.90915
6.67682 -5.91986
6.66775 -5.93091
6.66883 -5.94115
6.66018 -5.95268
6.66164 -5.96305
6.65343 -5.97505
6.65528 -5.98553
6.64752 -5.99798
6.64978 -6.00856
6.65222 -6.01911
6.64516 -6.03211
6.63838 -6.04541
6.63188 -6.05899
6.62567 -6.07285
6.61975 -6.08698
6.62357 -6.09804
6.60884 -6.11604
6.60387 -6.13095
6.59921 -6.14611
6.59489 -6.16151
6.60001 -6.17298
6.58728 -6.19299
6.57506 -6.21353
6.57222 -6.22997
6.56097 -6.25138
6.55896 -6.26837
6.54872 -6.29062
6.53905 -6.31334
6.54683 -6.32577
6.52148 -6.36016
6.5136 -6.38422
6.50634 -6.40871
6.49168 -6.43955
6.47788 -6.47106
6.47277 -6.497
6.46063 -6.52965
6.44939 -6.56291
6.43908 -6.59676
6.42235 -6.63793
6.41406 -6.67301
6.39249 -6.72263
6.37941 -6.7661
6.35384 -6.82479
6.33006 -6.88464
6.32135 -6.9306
6.29451 -6.99999
6.27617 -7.0629
6.23486 -7.1581
6.17836 -7.2789
6.10795 -7.42615
6.01917 -7.60883
5.92514 -7.81151
5.76615 -8.12641
5.51046 -8.61609
3.93002 -11.3074
4.01014 -11.3904
4.33318 -11.0457
4.18558 -11.5355
4.2664 -11.6237
4.35829 -11.6929
2.3148 -16.2477
2.50074 -16.3233
2.68781 -16.3955
2.87595 -16.4644
3.06511 -16.5299
3.24822 -16.6107
3.34291 -16.943
2.501 -20.1113
2.85224 -19.8677
2.71168 -21.2467
3.16998 -20.6393
3.43329 -20.689
4.89625 -15.7256
5.28007 -14.8083
5.43232 -14.861
5.90911 -13.1607
6.14173 -12.5518
6.34235 -12.0065
6.50668 -11.5852
6.65038 -11.2099
6.77692 -10.8712
6.88756 -10.5797
6.98485 -10.3358
7.17587 -7.7123
7.21027 -7.62343
7.24194 -7.48395
7.27013 -7.49393
7.29867 -7.50342
7.32666 -7.49241
7.35613 -7.51088
7.38626 -7.5288
7.41223 -7.4964
7.43824 -7.47354
7.46875 -7.48992
7.4984 -7.49584
7.52502 -7.48148
7.55669 -7.49619
7.58695 -7.50047
7.61529 -7.49443
7.64819 -7.50734
7.67664 -7.50023
7.70763 -7.50226
7.74167 -7.51328
7.77021 -7.50454
7.80177 -7.50478
7.83683 -7.51384
7.87238 -7.52216
7.90472 -7.52044
7.93719 -7.51809
7.56646 -6.58912
7.5789 -6.58357
7.59123 -6.57781
7.60793 -6.58078
7.61097 -6.55678
7.61327 -6.53289
7.61979 -6.51784
7.62589 -6.50276
7.63158 -6.48767
7.63685 -6.47257
7.65276 -6.47415
7.65184 -6.45064
7.65603 -6.43549
7.66577 -6.42841
7.66929 -6.41323
7.67241 -6.39809
7.68149 -6.39073
7.69044 -6.3832
7.69263 -6.36804
7.69443 -6.35296
7.69583 -6.33797
7.70386 -6.3302
7.70462 -6.3153
7.71225 -6.30738
7.71237 -6.29258
7.71211 -6.27792
7.71909 -6.26988
7.71821 -6.25536
7.72479 -6.24722
7.7233 -6.23288
7.73753 -6.2306
7.74368 -6.22212
7.74968 -6.21354
7.75554 -6.20485
7.76123 -6.19607
7.76678 -6.18718
7.76355 -6.17314
7.76869 -6.16421
7.77367 -6.15521
7.7785 -6.14611
7.78317 -6.13693
7.78768 -6.12767
7.78293 -6.1142
7.78704 -6.10495
6.75598 -5.66766
6.75245 -5.6764
6.74908 -5.6852
6.73643 -5.69072
6.73331 -5.6998
6.73035 -5.70893
6.71796 -5.71528
6.72491 -5.72734
6.73212 -5.73912
6.72984 -5.74826
6.72773 -5.75745
6.73558 -5.76865
6.72398 -5.77592
6.72235 -5.7852
6.71099 -5.79304
6.71958 -5.80384
6.7085 -5.81207
6.7075 -5.82162
6.70667 -5.83118
6.70601 -5.84076
6.70551 -5.85035
6.69518 -5.85968
6.69502 -5.86946
6.69502 -5.87923
6.6852 -5.88927
6.68556 -5.89921
6.68608 -5.90915
6.67682 -5.91986
6.66775 -5.93091
6.66883 -5.94115
6.66018 -5.95268
6.66164 -5.96305
6.65343 -5.97505
6.65528 -5.98553
6.64752 -5.99798
6.64978 -6.00856
6.65222 -6.01911
6.64516 -6.03211
6.63838 -6.04541
6.63188 -6.05899
6.62567 -6.07285
6.61975 -6.08698
6.62357 -6.09804
6.60884 -6.11604
6.60387 -6.13095
6.59921 -6.14611
6.59489 -6.16151
6.60001 -6.17298
6.58728 -6.19299
6.57506 -6.21353
6.57222 -6.22997
6.56097 -6.25138
6.55896 -6.26837
6.54872 -6.29062
6.53905 -6.31334
6.54683 -6.32577
6.52148 -6.36016
6.5136 -6.38422
6.50634 -6.40871
6.49168 -6.43955
6.47788 -6.47106
6.47277 -6.497
6.46063 -6.52965
6.44939 -6.56291
6.43908 -6.59676
6.42235 -6.63793
6.41406 -6.67301
6.39249 -6.72263
6.37941 -6.7661
6.35384 -6.82479
6.33006 -6.88464
6.32135 -6.9306
6.29451 -6.99999
6.27617 -7.0629
6.23486 -7.1581
6.17836 -7.2789
6.10795 -7.42615
6.01917 -7.60883
5.92514 -7.81151
5.76615 -8.12641
5.51046 -8.61609
3.93002 -11.3074
4.01014 -11.3904
4.33318 -11.0457
4.18558 -11.5355
4.2664 -11.6237
4.35829 -11.6929
2.3148 -16.2477
2.50074 -16.3233
2.68781 -16.3955
2.87595 -16.4644
3.06511 -16.5299
3.24822 -16.6107
3.34291 -16.943
2.501 -20.1113
2.85224 -19.8677
2.71168 -21.2467
3.16998 -20.6393
3.43329 -20.689
4.89625 -15.7256
5.28007 -14.8083
5.43232 -14.861
5.90911 -13.1607
6.14173 -12.5518
6.34235 -12.0065
6.50668 -11.5852
6.65038 -11.2099
6.77692 -10.8712
6.88756 -10.5797
6.98485 -10.3358
7.17587 -7.7123
7.21027 -7.62343
7.24194 -7.48395
7.27013 -7.49393
7.29867 -7.50342
7.32666 -7.49241
7.35613 -7.51088
7.38626 -7.5288
7.41223 -7.4964
7.43824 -7.47354
7.46875 -7.48992
7.4984 -7.49584
7.52502 -7.48148
7.55669 -7.49619
7.58695 -7.50047
7.61529 -7.49443
7.64819 -7.50734
7.67664 -7.50023
7.70763 -7.50226
7.74167 -7.51328
7.77021 -7.50454
7.80177 -7.50478
7.83683 -7.51384
7.87238 -7.52216
7.90472 -7.52044
7.93719 -7.51809
7.56646 -6.58912
7.5789 -6.58357
7.59123 -6.57781
7.60793 -6.58078
7.61097 -6.55678
7.61327 -6.53289
7.61979 -6.51784
7.62589 -6.50276
7.63158 -6.48767
7.63685 -6.47257
7.65276 -6.47415
7.65184 -6.45064
7.65603 -6.43549
7.66577 -6.42841
7.66929 -6.41323
7.67241 -6.39809
7.68149 -6.39073
7.69044 -6.3832
7.69263 -6.36804
7.69443 -6.35296
7.69583 -6.33797
7.70386 -6.3302
7.70462 -6.3153
7.71225 -6.30738
7.71237 -6.29258
7.71211 -6.27792
7.71909 -6.26988
7.71821 -6.25536
7.72479 -6.24722
7.7233 -6.23288
7.73753 -6.2306
7.74368 -6.22212
7.74968 -6.21354
7.75554 -6.20485
7.76123 -6.19607
7.76678 -6.18718
7.76355 -6.17314
7.76869 -6.16421
7.77367 -6.15521
7.7785 -6.14611
7.78317 -6.13693
7.78768 -6.12767
7.78293 -6.1142
7.78704 -6.10495
6.75598 -5.66766
6.75245 -5.6764
6.74908 -5.6852
6.73643 -5.69072
6.73331 -5.6998
6.73035 -5.70893
6.71796 -5.71528
6.72491 -5.72734
6.73212 -5.73912
6.72984 -5.74826
6.72773 -5.75745
6.73558 -5.76865
6.72398 -5.77592
6.72235 -5.7852
6.71099 -5.79304
6.71958 -5.80384
6.7085 -5.81207
6.7075 -5.82162
6.70667 -5.83118
6.70601 -5.84076
6.70551 -5.85035
6.69518 -5.85968
6.69502 -5.86946
6.69502 -5.87923
6.6852 -5.88927
6.68556 -5.89921
6.68608 -5.90915
6.67682 -5.91986
6.66775 -5.93091
6.66883 -5.94115
6.66018 -5.95268
6.66164 -5.96305
6.65343 -5.97505
6.65528 -5.98553
6.64752 -5.99798
6.64978 -6.00856
6.65222 -6.01911
6.64516 -6.03211
6.63838 -6.04541
6.63188 -6.05899
6.62567 -6.07285
6.61975 -6.08698
6.62357 -6.09804
6.60884 -6.11604
6.60387 -6.13095
6.59921 -6.14611
6.59489 -6.16151
6.60001 -6.17298
6.58728 -6.19299
6.57506 -6.21353
6.57222 -6.22997
6.56097 -6.25138
6.55896 -6.26837
6.54872 -6.29062
6.53905 -6.31334
6.54683 -6.32577
6.52148 -6.36016
6.5136 -6.38422
6.50634 -6.40871
6.49168 -6.43955
6.47788 -6.47106
6.47277 -6.497
6.46063 -6.52965
6.44939 -6.56291
6.43908 -6.59676
6.42235 -6.63793
6.41406 -6.67301
6.39249 -6.72263
6.37941 -6.7661
6.35384 -6.82479
6.33006 -6.88464
6.32135 -6.9306
6.29451 -6.99999
6.27617 -7.0629
6.23486 -7.1581
6.17836 -7.2789
6.10795 -7.42615
6.01917 -7.60883
5.92514 -7.81151
5.76615 -8.12641
5.51046 -8.61609
3.93002 -11.3074
4.01014 -11.3904
4.33318 -11.0457
4.18558 -11.5355
4.2664 -11.6237
4.35829 -11.6929
2.3148 -16.2477
2.50074 -16.3233
2.68781 -16.3955
2.87595 -16.4644
3.06511 -16.5299
3.24822 -16.6107
3.34291 -16.943
2.501 -20.1113
2.85224 -19.8677
2.71168 -21.2467
3.16998 -20.6393
3.43329 -20.689
4.89625 -15.7256
5.28007 -14.8083
5.43232 -14.861
5.90911 -13.1607
6.14173 -12.5518
6.34235 -12.0065
6.50668 -11.5852
6.65038 -11.2099
6.77692 -10.8712
6.88756 -10.5797
6.98485 -10.3358
7.17587 -7.7123
7.21027 -7.62343
7.24194 -7.48395
7.27013 -7.49393
7.29867 -7.50342
7.32666 -7.49241
7.35613 -7.51088
7.38626 -7.5288
7.41223 -7.4964
7.43824 -7.47354
7.46875 -7.48992
7.4984 -7.49584
7.52502 -7.48148
7.55669 -7.49619
7.58695 -7.50047
7.61529 -7.49443
7.64819 -7.50734
7.67664 -7.50023
7.70763 -7.50226
7.74167 -7.51328
7.77021 -7.50454
7.80177 -7.50478
7.83683 -7.51384
7.87238 -7.52216
7.90472 -7.52044
7.93719 -7.51809
7.56646 -6.58912
7.5789 -6.58357
7.59123 -6.57781
7.60793 -6.58078
7.61097 -6.55678
7.61327 -6.53289
7.61979 -6.51784
7.62589 -6.50276
7.63158 -6.48767
7.63685 -6.47257
7.65276 -6.47415
7.65184 -6.45064
7.65603 -6.43549
7.66577 -6.42841
7.66929 -6.41323
7.67241 -6.39809
7.68149 -6.39073
7.69044 -6.3832
7.69263 -6.36804
7.69443 -6.35296
7.69583 -6.33797
7.70386 -6.3302
7.70462 -6.3153
7.71225 -6.30738
7.71237 -6.29258
7.71211 -6.27792
7.71909 -6.26988
7.71821 -6.25536
7.72479 -6.24722
7.7233 -6.23288
7.73753 -6.2306
7.74368 -6.22212
7.74968 -6.21354
7.75554 -6.20485
7.76123 -6.19607
7.76678 -6.18718
7.76355 -6.17314
7.76869 -6.16421
7.77367 -6.15521
7.7785 -6.14611
7.78317 -6.13693
7.78768 -6.12767
7.78293 -6.1142
7.78704 -6.10495
-19.7031 -24.6492
-19.5817 -24.7852
-19.5669 -24.831
-19.5588 -24.8701
-19.5742 -24.8911
-19.5727 -24.9237
-19.5622 -24.9616
-19.5338 -25.0096
-19.5723 -25.0144
-19.5851 -25.0356
-19.5541 -25.0818
-19.5921 -25.0883
-19.6036 -25.1098
-19.6148 -25.1315
-19.6616 -25.1362
-19.6723 -25.1589
-19.7284 -25.1618
-19.7847 -25.1664
-19.8878 -25.1544
-19.8982 -25.1811
-20.0022 -25.1743
-20.0595 -25.1869
-20.1169 -25.2015
-20.1743 -25.2178
-20.2798 -25.2225
-20.3566 -25.2383
-20.4139 -25.2613
-20.5199 -25.2752
-20.6749 -25.2826
-20.7812 -25.3045
-20.9366 -25.3216
-21.0922 -25.3439
-21.2972 -25.3649
-21.4527 -25.3988
-20.1449 -25.5831
-20.0979 -25.6183
-20.0502 -25.6518
-20.0519 -25.6812
-20.053 -25.7107
-20.0736 -25.74
-24.7236 -25.7967
-20.0732 -25.7996
-19.9524 -25.8246
-19.9011 -25.8494
-19.8993 -25.8762
-19.897 -25.903
-20.0633 -25.9485
-40.0946 -28.556
-39.2014 -28.8116
-39.145 -29.1749
-38.9838 -29.5191
-22.0798 -26.5046
-22.1835 -26.595
-22.3143 -26.6961
-22.4911 -26.8144
-22.5203 -26.8995
-22.4998 -26.9719
-24.0054 -27.5205
-24.0212 -27.6344
-24.8369 -28.0308
-22.0301 -27.1185
-21.7729 -27.0913
-21.7029 -27.1316
-21.9081 -27.2887
-21.972 -27.3915
-21.7622 -27.3687
-21.5991 -27.3612
-20.1049 -26.6598
-20.0889 -26.6901
-20.0724 -26.72
-19.9691 -26.6992
-19.867 -26.6751
-19.7663 -26.6477
-19.7089 -26.6446
-19.6932 -26.6679
-19.5956 -26.6332
-19.4996 -26.5953
-19.4848 -26.615
-19.4697 -26.6344
-19.4543 -26.6536
-19.4004 -26.6401
-19.3474 -26.625
-19.2212 -26.5411
-19.2075 -26.5559
-19.1791 -26.5565
-19.1651 -26.5707
-19.1647 -26.599
-19.1499 -26.6128
-19.1016 -26.5891
-19.0871 -26.6018
-19.0403 -26.5758
-19.026 -26.5875
-18.9809 -26.5594
-18.937 -26.5299
-18.9235 -26.5398
-18.9098 -26.5495
-18.8959 -26.5589
-18.8819 -26.568
-18.8677 -26.577
-18.8534 -26.5856
-18.8141 -26.5506
-18.8003 -26.5583
-18.7863 -26.5658
-18.7497 -26.5284
-18.7362 -26.535
-18.7226 -26.5414
-18.7089 -26.5476
-18.6951 -26.5535
-18.6628 -26.5127
-18.6319 -26.471
-18.6195 -26.4756
-18.623 -26.5273
-18.6095 -26.5317
-18.596 -26.5359
-18.5825 -26.5398
-18.5561 -26.4951
-18.5433 -26.4984
-18.5304 -26.5014
-18.5174 -26.5042
-18.5044 -26.5068
-18.4829 -26.4598
-18.4782 -26.5112
-18.4584 -26.4636
-18.4461 -26.4651
-18.4338 -26.4664
-18.4215 -26.4675
-18.4091 -26.4684
-18.3944 -26.4192
-18.3829 -26.4196
-18.3714 -26.4199
-18.36 -26.3999
-18.3488 -26.3997
-18.3377 -26.3994
-18.3265 -26.3988
-18.3154 -26.3981
-18.3014 -26.427
-18.2898 -26.4258
-18.2808 -26.4046
-18.2695 -26.403
-18.2632 -26.3717
-18.2525 -26.3698
-18.2379 -26.3874
-18.227 -26.3851
-18.223 -26.3535
-18.2003 -26.3994
-18.1892 -26.3964
-18.1781 -26.3933
-18.1671 -26.3899
-18.1718 -26.3389
-18.1618 -26.3355
-18.1344 -26.3788
-18.0872 -26.4678
-18.0939 -26.4166
-18.0825 -26.4118
-18.0712 -26.4068
-18.0385 -26.4468
-18.0266 -26.441
-18.0377 -26.3906
-18.003 -26.4289
-17.9914 -26.4225
-17.9799 -26.4159
-17.9685 -26.4091
-17.9305 -26.4443
-17.9461 -26.3949
-17.9069 -26.4288
-17.8953 -26.4207
-17.8838 -26.4124
-17.8725 -26.404
-17.8303 -26.4345
-17.863 -26.371
-17.82 -26.4002
-17.7627 -26.4432
-17.7509 -26.4326
-17.7735 -26.3855
-17.7278 -26.4108
-17.7165 -26.3996
-17.7055 -26.3882
-17.6578 -26.4105
-17.6466 -26.3981
-17.5976 -26.4181
6.77448 -5.61981
6.77106 -5.62859
6.7678 -5.63743
6.75522 -5.64311
6.75221 -5.65223
6.74936 -5.6614
6.73705 -5.66789
6.74415 -5.67987
6.7515 -5.69155
6.74934 -5.70073
6.74734 -5.70994
6.75532 -5.72105
6.74382 -5.72845
6.7423 -5.73775
6.73104 -5.74573
6.73975 -5.75643
6.72878 -5.7648
6.7279 -5.77435
6.72718 -5.78393
6.72664 -5.79351
6.72626 -5.8031
6.71605 -5.81257
6.716 -5.82234
6.71613 -5.83211
6.70644 -5.84227
6.70691 -5.85221
6.70756 -5.86214
6.69842 -5.87296
6.6895 -5.88412
6.6907 -5.89435
6.68219 -5.90599
6.68378 -5.91634
6.67571 -5.92843
6.6777 -5.93889
6.67009 -5.95144
6.67248 -5.96199
6.67505 -5.9725
6.66815 -5.9856
6.66154 -5.99898
6.6552 -6.01264
6.64916 -6.02657
6.64342 -6.04078
6.64737 -6.05178
6.63287 -6.06996
6.62807 -6.08493
6.62361 -6.10015
6.61948 -6.1156
6.62474 -6.12701
6.61225 -6.14717
6.60028 -6.16786
6.59765 -6.18433
6.58666 -6.20588
6.58486 -6.22289
6.57489 -6.24527
6.56551 -6.26811
6.57343 -6.28044
6.54851 -6.31513
6.54093 -6.3393
6.53397 -6.36387
6.51969 -6.39489
6.50628 -6.42657
6.50149 -6.45256
6.48975 -6.48536
6.47892 -6.51876
6.46903 -6.55273
6.4528 -6.5941
6.44494 -6.62928
6.42398 -6.67917
6.41144 -6.7228
6.38659 -6.7818
6.36355 -6.84193
6.35541 -6.888
6.32942 -6.95771
6.31186 -7.02084
6.27172 -7.11655
6.2167 -7.23802
6.14811 -7.38613
6.06158 -7.56988
5.97005 -7.77371
5.81495 -8.09054
5.56529 -8.58333
4.01805 -11.2938
4.09919 -11.3759
4.41796 -11.0272
4.27639 -11.5188
4.35829 -11.606
4.45103 -11.674
2.46367 -16.2537
2.65053 -16.3269
2.83847 -16.3968
3.02745 -16.4634
3.21739 -16.5265
3.40148 -16.6052
3.50025 -16.9363
2.69735 -20.1146
3.04557 -19.8668
2.92196 -21.2474
3.37276 -20.6344
3.63666 -20.6809
5.03851 -15.6998
5.41102 -14.7779
5.56391 -14.8288
6.01977 -13.1227
6.24489 -12.511
6.43879 -11.9632
6.59793 -11.5399
6.737 -11.1629
6.85938 -10.8227
6.96643 -10.5298
7.06071 -10.2848
7.21947 -7.65913
7.25277 -7.56985
7.28273 -7.42999
7.31104 -7.43962
7.33969 -7.44876
7.36754 -7.43741
7.39724 -7.45551
7.42759 -7.47306
7.45315 -7.44034
7.47889 -7.41717
7.50959 -7.43318
7.53932 -7.43872
7.56575 -7.42404
7.5976 -7.43836
7.62792 -7.44227
7.65617 -7.43588
7.68924 -7.44838
7.71759 -7.44092
7.74861 -7.44257
7.78278 -7.45318
7.81121 -7.44408
7.84277 -7.44394
7.87794 -7.45256
7.91359 -7.46045
7.94591 -7.45833
7.97834 -7.45558
7.59623 -6.53123
7.60859 -6.52554
7.62086 -6.51962
7.63759 -6.52239
7.64033 -6.49835
7.64234 -6.47444
7.64867 -6.45931
7.65459 -6.44416
7.66009 -6.429
7.66518 -6.41384
7.68111 -6.41522
7.6799 -6.39172
7.6839 -6.37652
7.69355 -6.36932
7.69689 -6.35409
7.69982 -6.33892
7.70881 -6.33145
7.71767 -6.32381
7.71967 -6.30863
7.72128 -6.29352
7.7225 -6.27852
7.73044 -6.27065
7.73101 -6.25574
7.73854 -6.24773
7.73848 -6.23293
7.73804 -6.21827
7.74492 -6.21014
7.74386 -6.19564
7.75035 -6.18742
7.74867 -6.1731
7.76288 -6.17064
7.76893 -6.16209
7.77482 -6.15343
7.78056 -6.14468
7.78615 -6.13582
7.79159 -6.12687
7.78818 -6.11286
7.79322 -6.10388
7.79809 -6.09481
7.80281 -6.08566
7.80736 -6.07642
7.81176 -6.06711
7.80684 -6.05369
7.81083 -6.04439
