6.27555 -7.04858 6.90084 -5.28187
7.1566 -7.53998 7.94068 -7.48958
7.59336 -6.57993 7.801 -6.09008
6.27555 -7.04858 6.90084 -5.28187
7.1566 -7.53998 7.94068 -7.48958
7.59336 -6.57993 7.801 -6.09008
6.27555 -7.04858 6.90084 -5.28187
7.1566 -7.53998 7.94068 -7.48958
7.59336 -6.57993 7.801 -6.09008
6.27555 -7.04858 6.90084 -5.28187
7.1566 -7.53998 7.94068 -7.48958
7.59336 -6.57993 7.801 -6.09008
6.27555 -7.04858 6.90084 -5.28187
7.1566 -7.53998 7.94068 -7.48958
7.59336 -6.57993 7.801 -6.09008
-20.6936 -25.3092 -19.1949 -24.9015
-20.1559 -25.6352 -19.8871 -25.8959
-19.8069 -26.6675 -17.3133 -26.3115
